10101011
11001101
11110011
11000001
10101011
00000000
00000000
00000000
00000000
00000000
00000000
00000000
00000000
00000000
00000000
00000000
00000000
00000000
11111111
11111111
11111111
11111111
00000000
00000000
00000000
00000000
11111111
11111111
11111111
11111111
00000000
00000000
00000000
00000000
11111111
11111111
11111111
11111111
00000000
00000000
00000000
00000000
11111111
11111111
11111111
11111111
00000000
00000000
00000000
00000000
00000000
00000000
00000000
00000000
00000000
00000000
00000000
00000000
00000000
00000000
10101011
11001101
11110011
11000001